TABLE # 65     $G&N'93 Solar$     X=0.5000 Y=0.4000 Z=0.1000 dXc=0.0000 dXo=0.0000

                                                  log R

logT  -8.0   -7.5   -7.0   -6.5   -6.0   -5.5   -5.0   -4.5   -4.0   -3.5   -3.0   -2.5   -2.0   -1.5   -1.0   -0.5    0.0    0.5    1.0 

3.75 -0.863 -1.009 -1.190 -1.391 -1.600 -1.808 -2.003 -2.169 -2.274 -2.287 -2.191 -2.004 -1.743 -1.443 -1.033 -0.602 -0.151  0.224  0.565
3.80 -0.684 -0.712 -0.775 -0.881 -1.023 -1.183 -1.346 -1.483 -1.573 -1.586 -1.511 -1.373 -1.169 -0.959 -0.667 -0.342  0.044  0.443  0.784
3.85 -0.661 -0.654 -0.647 -0.644 -0.655 -0.693 -0.751 -0.809 -0.842 -0.832 -0.771 -0.660 -0.506 -0.339 -0.122  0.129  0.409  0.740  1.121
3.90 -0.664 -0.650 -0.630 -0.596 -0.539 -0.454 -0.354 -0.258 -0.174 -0.098 -0.018  0.078  0.201  0.332  0.500  0.701  0.918  1.161  1.432
3.95 -0.663 -0.654 -0.634 -0.597 -0.527 -0.401 -0.210  0.032  0.280  0.491  0.650  0.776  0.893  1.002  1.137  1.301  1.478  1.680  1.906
4.00 -0.619 -0.630 -0.627 -0.600 -0.533 -0.403 -0.189  0.113  0.469  0.821  1.113  1.328  1.486  1.617  1.743  1.875  2.027  2.198  2.388
4.05 -0.574 -0.572 -0.570 -0.561 -0.517 -0.401 -0.188  0.128  0.520  0.947  1.351  1.686  1.936  2.119  2.264  2.395  2.524  2.667  2.824
4.10 -0.553 -0.545 -0.532 -0.511 -0.465 -0.369 -0.184  0.109  0.497  0.942  1.398  1.823  2.180  2.454  2.658  2.816  2.957  3.094  3.233
4.15 -0.537 -0.518 -0.499 -0.474 -0.425 -0.323 -0.143  0.122  0.471  0.891  1.355  1.831  2.273  2.644  2.917  3.116  3.285  3.431  3.566
4.20 -0.544 -0.522 -0.493 -0.455 -0.400 -0.301 -0.126  0.140  0.480  0.872  1.314  1.795  2.281  2.721  3.080  3.353  3.551  3.710  3.851
4.25 -0.538 -0.520 -0.493 -0.451 -0.385 -0.275 -0.101  0.151  0.487  0.880  1.309  1.769  2.255  2.734  3.162  3.501  3.750  3.949  4.114
4.30 -0.518 -0.504 -0.482 -0.447 -0.388 -0.283 -0.101  0.154  0.475  0.870  1.313  1.776  2.249  2.735  3.200  3.595  3.901  4.145  4.345
4.35 -0.493 -0.478 -0.456 -0.421 -0.366 -0.270 -0.106  0.145  0.480  0.885  1.333  1.803  2.293  2.770  3.231  3.663  4.027  4.320  4.548
4.40 -0.451 -0.439 -0.418 -0.383 -0.327 -0.238 -0.089  0.142  0.472  0.881  1.334  1.824  2.335  2.829  3.300  3.741  4.128  4.474  4.741
4.45 -0.433 -0.410 -0.379 -0.337 -0.271 -0.171 -0.023  0.203  0.518  0.923  1.390  1.882  2.397  2.900  3.386  3.848  4.258  4.612  4.899
4.50 -0.420 -0.399 -0.366 -0.312 -0.226 -0.103  0.064  0.284  0.581  0.964  1.422  1.924  2.450  2.974  3.475  3.944  4.382  4.748  5.047
4.55 -0.411 -0.383 -0.348 -0.298 -0.210 -0.069  0.133  0.390  0.706  1.081  1.515  2.007  2.521  3.040  3.554  4.040  4.487  4.861  5.166
4.60 -0.416 -0.387 -0.345 -0.286 -0.194 -0.046  0.174  0.473  0.823  1.202  1.629  2.095  2.586  3.091  3.604  4.111  4.562  4.940  5.243
4.65 -0.406 -0.382 -0.347 -0.292 -0.197 -0.041  0.192  0.505  0.894  1.319  1.756  2.207  2.673  3.152  3.657  4.154  4.599  4.972  5.268
4.70 -0.405 -0.377 -0.340 -0.290 -0.208 -0.060  0.172  0.490  0.882  1.332  1.806  2.281  2.744  3.207  3.690  4.166  4.597  4.960  5.247
4.75 -0.406 -0.376 -0.329 -0.286 -0.205 -0.073  0.145  0.458  0.849  1.303  1.786  2.286  2.770  3.234  3.704  4.154  4.565  4.916  5.195
4.80 -0.406 -0.373 -0.336 -0.284 -0.201 -0.066  0.141  0.441  0.820  1.258  1.734  2.236  2.743  3.235  3.696  4.128  4.521  4.859  5.127
4.85 -0.405 -0.376 -0.336 -0.282 -0.202 -0.071  0.136  0.433  0.803  1.226  1.691  2.187  2.697  3.204  3.673  4.099  4.479  4.806  5.062
4.90 -0.388 -0.362 -0.326 -0.272 -0.190 -0.061  0.138  0.425  0.790  1.204  1.659  2.153  2.663  3.171  3.647  4.072  4.448  4.762  5.004
4.95 -0.345 -0.321 -0.289 -0.244 -0.171 -0.047  0.150  0.432  0.790  1.208  1.656  2.139  2.640  3.143  3.619  4.052  4.425  4.727  4.950
5.00 -0.267 -0.253 -0.230 -0.190 -0.124 -0.014  0.167  0.446  0.805  1.221  1.667  2.133  2.634  3.123  3.604  4.037  4.404  4.690  4.894
5.05 -0.152 -0.133 -0.113 -0.082 -0.024  0.080  0.253  0.508  0.852  1.257  1.693  2.163  2.652  3.116  3.593  4.019  4.375  4.642  4.824
5.10 -0.036 -0.006  0.024  0.063  0.118  0.211  0.368  0.595  0.896  1.275  1.711  2.174  2.636  3.119  3.587  3.998  4.330  4.571  4.735
5.15  0.024  0.084  0.141  0.202  0.275  0.383  0.540  0.743  1.010  1.352  1.759  2.206  2.655  3.127  3.581  3.963  4.262  4.477  4.627
5.20  0.004  0.086  0.178  0.279  0.390  0.524  0.695  0.907  1.159  1.469  1.840  2.264  2.694  3.143  3.571  3.912  4.173  4.364  4.507
5.25 -0.083  0.013  0.127  0.262  0.415  0.592  0.799  1.029  1.281  1.565  1.913  2.312  2.723  3.149  3.542  3.842  4.067  4.240  4.379
5.30 -0.198 -0.102  0.013  0.161  0.347  0.566  0.814  1.079  1.350  1.643  1.972  2.343  2.741  3.137  3.493  3.756  3.952  4.112  4.251
5.35 -0.317 -0.232 -0.124  0.014  0.197  0.436  0.723  1.028  1.340  1.653  1.987  2.343  2.719  3.100  3.426  3.661  3.835  3.986  4.125
5.40 -0.412 -0.345 -0.255 -0.134  0.028  0.247  0.543  0.894  1.254  1.606  1.954  2.307  2.676  3.044  3.345  3.559  3.720  3.866  4.005
5.45 -0.474 -0.431 -0.360 -0.255 -0.110  0.091  0.372  0.737  1.138  1.529  1.900  2.258  2.621  2.974  3.258  3.457  3.610  3.752  3.889
5.50 -0.502 -0.479 -0.434 -0.357 -0.233 -0.053  0.205  0.554  0.975  1.407  1.820  2.202  2.563  2.903  3.171  3.359  3.506  3.647  3.785
5.55 -0.513 -0.502 -0.477 -0.426 -0.328 -0.168  0.075  0.417  0.851  1.309  1.750  2.137  2.504  2.835  3.089  3.268  3.411  3.552  3.689
5.60 -0.517 -0.510 -0.496 -0.466 -0.400 -0.269 -0.043  0.301  0.744  1.228  1.684  2.086  2.451  2.774  3.014  3.185  3.325  3.466  3.604
5.65 -0.518 -0.513 -0.503 -0.484 -0.443 -0.350 -0.158  0.171  0.626  1.134  1.621  2.040  2.412  2.720  2.947  3.111  3.250  3.389  3.531
5.70 -0.519 -0.514 -0.505 -0.490 -0.458 -0.390 -0.239  0.054  0.508  1.038  1.552  1.999  2.370  2.671  2.888  3.050  3.188  3.327  3.479
5.75 -0.519 -0.514 -0.505 -0.492 -0.466 -0.410 -0.292 -0.048  0.376  0.925  1.473  1.946  2.326  2.623  2.835  2.996  3.132  3.267  3.412
5.80 -0.518 -0.513 -0.506 -0.492 -0.468 -0.420 -0.318 -0.108  0.263  0.797  1.372  1.877  2.273  2.570  2.786  2.948  3.085  3.217  3.350
5.85 -0.517 -0.513 -0.505 -0.491 -0.468 -0.422 -0.330 -0.142  0.196  0.694  1.271  1.797  2.212  2.515  2.736  2.903  3.042  3.178  3.320
5.90 -0.517 -0.513 -0.506 -0.493 -0.469 -0.423 -0.335 -0.162  0.148  0.610  1.168  1.711  2.145  2.459  2.687  2.862  3.005  3.141  3.278
5.95 -0.516 -0.512 -0.504 -0.490 -0.465 -0.420 -0.335 -0.172  0.122  0.560  1.094  1.633  2.079  2.405  2.642  2.825  2.971  3.098  3.225
6.00 -0.515 -0.509 -0.500 -0.485 -0.461 -0.415 -0.330 -0.168  0.115  0.541  1.058  1.585  2.029  2.361  2.605  2.795  2.940  3.053  3.189
6.10 -0.515 -0.506 -0.493 -0.475 -0.449 -0.404 -0.320 -0.161  0.117  0.515  0.983  1.482  1.928  2.279  2.544  2.740  2.874  2.990  3.114
6.20 -0.522 -0.517 -0.505 -0.482 -0.445 -0.390 -0.303 -0.149  0.111  0.481  0.920  1.397  1.844  2.206  2.473  2.658  2.765  2.860  2.999
6.30 -0.525 -0.523 -0.518 -0.507 -0.479 -0.417 -0.307 -0.136  0.122  0.470  0.889  1.349  1.778  2.121  2.365  2.516  2.610  2.710  2.851
6.40 -0.526 -0.525 -0.522 -0.517 -0.503 -0.465 -0.375 -0.185  0.114  0.484  0.889  1.316  1.695  1.986  2.192  2.322  2.413  2.530  2.688
6.50 -0.527 -0.527 -0.525 -0.522 -0.512 -0.488 -0.427 -0.276  0.017  0.426  0.859  1.249  1.564  1.799  1.973  2.100  2.207  2.344  2.503
6.60 -0.528 -0.528 -0.527 -0.524 -0.518 -0.501 -0.456 -0.341 -0.102  0.277  0.716  1.093  1.373  1.577  1.737  1.869  1.998  2.159  2.339
6.70 -0.530 -0.529 -0.529 -0.527 -0.523 -0.511 -0.478 -0.390 -0.199  0.117  0.515  0.873  1.141  1.340  1.499  1.642  1.793  1.969  2.167
6.80 -0.531 -0.530 -0.530 -0.529 -0.527 -0.519 -0.496 -0.433 -0.288 -0.028  0.311  0.634  0.894  1.099  1.270  1.430  1.606  1.808  1.972
6.90 -0.532 -0.532 -0.532 -0.531 -0.528 -0.522 -0.506 -0.462 -0.357 -0.156  0.126  0.421  0.677  0.882  1.076  1.251  1.439  1.650  1.815
7.00 -0.534 -0.534 -0.534 -0.532 -0.529 -0.522 -0.508 -0.476 -0.399 -0.247 -0.019  0.237  0.484  0.716  0.925  1.109  1.307  1.494  1.668
7.10 -0.537 -0.537 -0.536 -0.535 -0.532 -0.525 -0.508 -0.474 -0.406 -0.280 -0.091  0.136  0.373  0.600  0.797  0.972  1.162  1.354  1.493
7.20 -0.540 -0.540 -0.540 -0.539 -0.537 -0.532 -0.517 -0.480 -0.407 -0.283 -0.111  0.093  0.302  0.496  0.658  0.830  1.013  1.200
7.30 -0.544 -0.544 -0.544 -0.543 -0.542 -0.539 -0.529 -0.500 -0.433 -0.310 -0.139  0.047  0.218  0.363  0.500  0.671  0.870
7.40 -0.549 -0.549 -0.549 -0.549 -0.548 -0.546 -0.540 -0.521 -0.471 -0.370 -0.218 -0.053  0.088  0.207  0.343  0.526  0.729
7.50 -0.555 -0.555 -0.555 -0.555 -0.554 -0.553 -0.549 -0.537 -0.505 -0.435 -0.318 -0.182 -0.057  0.057  0.198  0.396
7.60 -0.562 -0.562 -0.562 -0.562 -0.562 -0.562 -0.559 -0.551 -0.531 -0.485 -0.403 -0.297 -0.187 -0.072  0.075  0.269
7.70 -0.572 -0.572 -0.572 -0.572 -0.572 -0.571 -0.570 -0.565 -0.552 -0.521 -0.464 -0.385 -0.293 -0.179 -0.035  0.146
7.80 -0.584 -0.584 -0.584 -0.584 -0.584 -0.584 -0.582 -0.579 -0.570 -0.549 -0.509 -0.448 -0.371 -0.273 -0.136  0.018
7.90 -0.598 -0.598 -0.598 -0.598 -0.598 -0.598 -0.598 -0.596 -0.589 -0.574 -0.544 -0.500 -0.438 -0.355 -0.235
8.00 -0.614 -0.614 -0.614 -0.614 -0.614 -0.614 -0.614 -0.613 -0.608 -0.596 -0.575 -0.542 -0.497 -0.430 -0.332
8.10 -0.634 -0.634 -0.634 -0.634 -0.634 -0.634 -0.634 -0.633 -0.630 -0.621 -0.606 -0.585 -0.555 -0.506 -0.437
8.30 -0.687 -0.687 -0.687 -0.687 -0.688 -0.688 -0.688 -0.687 -0.685 -0.682 -0.679 -0.678 -0.678 -0.664 -0.673
8.50 -0.758 -0.758 -0.758 -0.758 -0.758 -0.758 -0.758 -0.758 -0.758 -0.759 -0.766 -0.786 -0.808 -0.881 -1.232
8.70 -0.606 -0.801 -0.838 -0.843 -0.843 -0.843 -0.843 -0.843 -0.845 -0.851 -0.868 -0.907 -0.969 -1.041
